pow                                1521.8    4091.29          2
pow                                 156.4      94.29          4
pow                                 131.6      45.10          8
pow                                 142.2      95.42         16
pow                                  91.6       5.69         32
pow                                  92.4       7.90         64
pow                                  90.9       5.11        128
pow                                  87.8       2.28        256
pow                                  87.4       4.12        512
pow                                  96.6      15.91       1024
pow                                  90.7      14.40       2048
pow                                  84.3       4.67       4096
pow                                  70.3       0.57       8192
pow                                  70.9       3.18      16384
pow                                  69.5       1.23      32768
pow                                  69.6       0.75      65536
pow                                  69.5       0.34     131072
pow                                  69.1       0.19     262144
pow                                  68.9       0.00     524288
pow                                  69.2       0.37    1048576
pow                                  69.1       0.23    2097152
pow                                  69.2       0.24    4194304
pow                                  69.2       0.24    4194304
exp                                 398.2     816.37          2
exp                                 135.1      59.09          4
exp                                 128.0      55.52          8
exp                                  97.8      18.22         16
exp                                 113.8      48.00         32
exp                                 138.2     201.35         64
exp                                  91.1      63.06        128
exp                                  82.9      27.41        256
exp                                  69.7       3.64        512
exp                                  74.4      19.78       1024
exp                                  67.5       0.82       2048
exp                                  68.5       3.37       4096
exp                                  69.6       3.68       8192
exp                                  59.4       8.17      16384
exp                                  50.2       0.73      32768
exp                                  50.2       0.39      65536
exp                                  50.2       0.24     131072
exp                                  50.2       0.08     262144
exp                                  50.2       0.10     524288
exp                                  50.0       0.21    1048576
exp                                  49.8       0.12    2097152
exp                                  49.8       0.17    4194304
exp                                  49.7       0.02    8388608
exp                                  49.7       0.02    8388608
log                                2133.3    6163.44          2
log                                 120.9      71.44          4
log                                  99.5      44.41          8
log                                  78.2      14.21         16
log                                  94.2      76.07         32
log                                 128.9     179.41         64
log                                  75.1      55.97        128
log                                  59.9      27.51        256
log                                  45.9       3.98        512
log                                  44.4       1.99       1024
log                                  44.3       0.90       2048
log                                  43.6       0.39       4096
log                                  44.1       1.55       8192
log                                  30.2      11.16      16384
log                                  21.2       0.41      32768
log                                  21.2       0.35      65536
log                                  21.2       0.26     131072
log                                  21.2       0.11     262144
log                                  21.2       0.04     524288
log                                  21.2       0.05    1048576
log                                  21.1       0.08    2097152
log                                  21.1       0.08    4194304
log                                  21.0       0.02    8388608
log                                  21.1       0.13   16777216
log                                  21.1       0.13   16777216
sin                                 782.2    2158.14          2
sin                                  64.0      38.30          4
sin                                  78.2      61.17          8
sin                                 152.9     110.80         16
sin                                 143.1      44.18         32
sin                                 127.6      49.33         64
sin                                 119.6       3.69        128
sin                                 121.3       2.21        256
sin                                 127.9      38.26        512
sin                                  52.3      11.73       1024
sin                                  49.9       2.53       2048
sin                                  48.2       0.08       4096
sin                                  48.2       0.10       8192
sin                                  48.2       0.08      16384
sin                                  48.3       0.16      32768
sin                                  48.2       0.06      65536
sin                                  48.2       0.06     131072
sin                                  48.2       0.04     262144
sin                                  48.2       0.04     524288
sin                                  48.3       0.16    1048576
sin                                  48.3       0.47    2097152
sin                                  48.2       0.13    4194304
sin                                  48.2       0.12    8388608
sin                                  48.2       0.12    8388608
cos                                 981.3    2802.45          2
cos                                  78.2      49.76          4
cos                                  81.8      59.61          8
cos                                 108.4      26.91         16
cos                                 146.7      52.32         32
cos                                 137.8       9.11         64
cos                                 141.1       4.13        128
cos                                 144.7       2.42        256
cos                                 126.0      12.42        512
cos                                  48.6       1.30       1024
cos                                  48.2       0.16       2048
cos                                  49.2       2.99       4096
cos                                  48.1       0.03       8192
cos                                  48.6       0.88      16384
cos                                  48.6       0.71      32768
cos                                  48.6       0.42      65536
cos                                  48.5       0.21     131072
cos                                  48.3       0.10     262144
cos                                  48.4       0.11     524288
cos                                  48.5       0.18    1048576
cos                                  48.3       0.13    2097152
cos                                  48.2       0.01    4194304
cos                                  48.2       0.01    8388608
cos                                  48.2       0.01    8388608
tan                                 995.5    2750.32          2
tan                                 142.2     168.28          4
tan                                 117.3      85.69          8
tan                                 216.9     143.51         16
tan                                 157.3      10.55         32
tan                                 173.3       5.26         64
tan                                 182.0       7.79        128
tan                                 184.7       3.36        256
tan                                 137.7      15.19        512
tan                                  73.0       0.45       1024
tan                                  72.8       0.23       2048
tan                                  72.9       0.50       4096
tan                                  72.7       0.08       8192
tan                                  72.8       0.09      16384
tan                                  72.8       0.13      32768
tan                                  72.8       0.09      65536
tan                                  72.8       0.06     131072
tan                                  72.8       0.24     262144
tan                                  73.5       0.27     524288
tan                                  73.3       0.24    1048576
tan                                  72.9       0.21    2097152
tan                                  73.0       0.15    4194304
tan                                  73.0       0.15    4194304
asin                              10680.6   31710.02          2
asin                                113.8      65.14          4
asin                                135.1     105.22          8
asin                                140.4     131.95         16
asin                               2783.0    8203.94         32
asin                                 37.8       2.98         64
asin                                 39.1       5.55        128
asin                                300.7      64.93        256
asin                                266.9      24.58        512
asin                                247.5      10.78       1024
asin                                241.7       1.89       2048
asin                                245.8      12.85       4096
asin                                236.0       4.02       8192
asin                                238.2       4.31      16384
asin                                236.1       2.67      32768
asin                                238.3       1.59      65536
asin                                235.6       1.15     131072
asin                                235.2       1.23     262144
asin                                234.9       0.67     524288
asin                                235.7       1.59    1048576
asin                                235.6       1.10    2097152
asin                                235.6       1.10    2097152
acos                               2062.2    5855.04          2
acos                                113.8      85.33          4
acos                                138.7      91.92          8
acos                                145.8     141.95         16
acos                               2790.1    8169.27         32
acos                                 39.1       2.66         64
acos                                 41.1       5.73        128
acos                                266.8      13.24        256
acos                                259.4      27.13        512
acos                                241.0       2.45       1024
acos                                237.0       1.46       2048
acos                                238.2       3.78       4096
acos                                236.2       2.97       8192
acos                                231.7       1.18      16384
acos                                234.7       3.27      32768
acos                                229.0       2.34      65536
acos                                231.8       2.76     131072
acos                                231.6       1.12     262144
acos                                230.5       2.23     524288
acos                                230.9       1.20    1048576
acos                                231.1       1.80    2097152
acos                                231.1       1.80    2097152
atan                               2161.7    6201.09          2
atan                                120.9      84.51          4
atan                                131.6      90.00          8
atan                                138.7     138.56         16
atan                               2754.6    8133.41         32
atan                                 32.4       2.04         64
atan                                 37.1       5.54        128
atan                                 46.8       1.95        256
atan                                 47.2       3.90        512
atan                                 50.1      11.91       1024
atan                                 47.4       6.07       2048
atan                                 46.1       1.69       4096
atan                                 45.8       1.53       8192
atan                                 45.3       0.04      16384
atan                                 45.9       0.70      32768
atan                                 45.7       0.50      65536
atan                                 45.6       0.21     131072
atan                                 45.6       0.14     262144
atan                                 45.3       0.02     524288
atan                                 45.4       0.13    1048576
atan                                 45.4       0.08    2097152
atan                                 45.3       0.11    4194304
atan                                 45.4       0.11    8388608
atan                                 45.4       0.11    8388608
